50 0.0070973
100 0.01411
150 0.0201791
200 0.0252058
250 0.0322927
300 0.0468513
350 0.0434099
400 0.0534295
450 0.0575328
500 0.0583939
550 0.0785043
600 0.084635
650 0.0891494
700 0.0948979
750 0.103907
800 0.108071
850 0.110029
900 0.121077
950 0.120679
1000 0.14487
1050 0.152444
1100 0.160046
1150 0.168499
1200 0.175131
1250 0.169931
1300 0.186145
1350 0.186656
1400 0.194197
1450 0.201038
1500 0.207764
1550 0.209254
1600 0.223456
1650 0.219796
1700 0.231331
1750 0.235568
1800 0.284794
1850 0.285437
1900 0.30155
1950 0.307264
2000 0.30611
2050 0.304107
2100 0.328015
2150 0.329119
2200 0.331158
2250 0.342557
2300 0.342766
2350 0.349031
2400 0.356294
2450 0.364547
2500 0.376022
2550 0.388481
2600 0.390239
2650 0.39406
2700 0.386612
2750 0.394259
2800 0.407376
2850 0.40992
2900 0.410019
2950 0.418766
3000 0.434396
3050 0.447174
3100 0.430449
3150 0.458537
3200 0.455131
3250 0.471602
3300 0.469804
3350 0.586353
3400 0.568941
3450 0.596309
3500 0.590825
3550 0.602047
3600 0.604207
3650 0.644253
3700 0.658333
3750 0.640841
3800 0.685074
3850 0.657781
3900 0.695276
3950 0.651077
4000 0.65561
4050 0.667114
4100 0.657962
4150 0.655478
4200 0.661527
4250 0.735233
4300 0.712987
4350 0.732467
4400 0.706635
4450 0.759906
4500 0.705814
4550 0.714196
4600 0.744742
4650 0.726393
4700 0.721818
4750 0.803503
4800 0.884456
4850 0.789605
4900 0.818064
4950 0.831015
5000 0.824731
