50 3272.71
100 7025.43
150 9641.43
200 15031.9
250 17703.9
300 26009.8
350 29058.8
400 32046.8
450 34982.8
500 37893.8
550 51657.5
600 55002.5
650 58303.5
700 61584.5
750 64796.5
800 68055.5
850 71297.1
900 74457.5
950 77626.5
1000 101731
1050 105122
1100 108795
1150 112376
1200 115989
1250 119541
1300 123067
1350 126647
1400 130120
1450 133641
1500 137102
1550 140543
1600 144097
1650 147621
1700 151060
1750 154525
1800 199841
1850 203296
1900 206710
1950 210081
2000 213421
2050 216701
2100 220709
2150 224661
2200 228553
2250 232420
2300 236234
2350 240131
2400 243992
2450 247770
2500 251535
2550 255245
2600 259123
2650 262979
2700 266747
2750 270554
2800 274258
2850 278024
2900 281805
2950 285483
3000 289192
3050 292812
3100 296570
3150 300414
3200 304166
3250 307944
3300 311645
3350 399266
3400 403044
3450 406730
3500 410374
3550 413998
3600 417622
3650 421401
3700 425080
3750 428739
3800 432398
3850 435948
3900 439600
3950 443234
4000 446824
4050 450353
4100 453868
4150 458158
4200 462389
4250 466636
4300 470772
4350 474843
4400 479059
4450 483240
4500 487324
4550 491405
4600 495392
4650 499593
4700 503714
4750 507806
4800 511886
4850 515926
4900 520001
4950 524107
5000 528032
